shape: 
(4572, 10)
used columns: 
Index(['Time', 'BundeslandID', 'AnzEinwohner', 'AnzahlFaelle',
       'AnzahlFaelleSum', 'AnzahlFaelle7Tage', 'SiebenTageInzidenzFaelle',
       'AnzahlGeheiltTaeglich', 'AnzahlGeheiltSum', 'AnzahlPlus10d'],
      dtype='object')
Beschreibung: 
 BundeslandID  AnzEinwohner  AnzahlFaelle  AnzahlFaelleSum  AnzahlFaelle7Tage  SiebenTageInzidenzFaelle  AnzahlGeheiltTaeglich  AnzahlGeheiltSum  AnzahlPlus10d
  4572.000000  4.572000e+03   4572.000000      4572.000000        4572.000000               4572.000000            4572.000000       4572.000000    4562.000000
     5.000000  9.925182e+05    229.653762     48803.353456        1543.765748                156.583670             188.781277      45111.360236     227.300088
     2.582271  5.706801e+05    360.120937     44615.072282        2279.483745                202.539268             246.659204      41723.907437     354.568623
     1.000000  2.960100e+05      0.000000       357.000000           1.000000                  0.250478               0.000000        331.000000       0.000000
     3.000000  5.607100e+05     33.000000     10774.500000         248.000000                 28.018425              30.000000       8326.250000      33.000000
     5.000000  7.601050e+05    105.000000     38211.000000         757.500000                105.464150              99.000000      34376.000000     105.000000
     7.000000  1.495608e+06    281.000000     74748.500000        2023.500000                192.572075             257.250000      68957.250000     279.000000
     9.000000  1.920949e+06   4820.000000    220050.000000       25348.000000               1798.256000            2178.000000     175577.000000    4820.000000